355 292 10865 127 68 0 652
461 350 11638 124 56 0 298
1921 311 11358 119 48 0 497
4512 174 10696 126 49 0 453
169 382 10145 124 58 0 320
13936 408 10527 104 56 0 386
10457 360 12195 121 77 0 386
-420 345 235 126 49 0 364
33 370 -215 127 51 0 342
1343 366 290 114 53 0 386
2109 353 300 117 53 0 431
2801 355 255 126 56 0 431
3357 364 240 123 52 0 542
3914 345 222 126 68 0 386
4427 419 417 126 62 0 364
4475 453 1715 120 43 0 298
4463 424 2169 126 43 0 320
4254 417 3026 133 56 0 253
4099 418 3447 127 51 0 431
3161 475 4295 128 60 0 253
2767 421 4484 121 56 0 253
1902 409 4582 133 58 0 386
1445 402 4605 126 77 0 386
48 486 4632 136 58 0 298
17 422 3919 116 60 0 409
6 373 3300 121 66 0 453
-5 307 2752 123 58 0 409
-11 332 2170 123 53 0 431
1222 301 2849 119 58 0 409
5320 296 1583 144 69 0 475
6488 256 430 111 56 0 697
5402 304 438 124 77 0 519
6148 291 1622 130 77 0 231
4223 334 5359 126 60 0 475
5041 344 4518 121 77 0 431
8939 216 1998 0 35 117 342
10328 315 3517 120 66 0 497
10016 244 4363 133 77 0 386
9407 255 4869 134 77 0 364
11226 274 2421 128 73 0 453
7045 271 6261 131 77 0 542
8017 301 6929 141 77 0 519
6998 255 7982 134 77 0 675
6016 357 7233 133 77 0 564
4764 176 5925 141 80 0 497
5918 289 5511 128 77 0 209
3522 185 6430 109 60 0 453
177 286 4921 110 58 0 453
218 303 5402 102 52 0 409
156 369 7969 136 62 0 409
202 318 7612 126 56 0 364
6249 208 5922 114 77 0 320
157 326 9789 133 51 0 342
2358 433 4517 127 63 0 364
11096 261 5012 161 58 0 386
5 -280 216 147 79 0 453
13941 109 14200 90 0 0 586
-413 323 5506 0 68 155 808
1502 217 13818 62 29 4 453
2006 566 14131 0 7 195 874
3746 252 4807 120 59 0 519
2690 276 5478 0 66 126 342
2182 280 5481 0 80 175 542
224 199 6859 117 58 0 276
1677 201 7201 106 51 0 519
1642 223 7697 109 58 0 386
2863 203 7166 0 79 144 519
1998 226 6985 0 66 147 386
2597 264 8103 0 87 171 586
2186 220 8707 0 38 133 386
1556 257 8302 0 62 133 231
4089 224 7252 0 69 165 453
4536 196 6752 0 53 130 519
4432 172 7846 116 65 0 364
3980 207 8109 117 52 0 253
4096 170 8547 111 65 0 364
3445 224 8816 113 65 0 431
3538 158 8977 121 75 0 431
2944 224 9024 117 62 0 453
2946 242 9441 102 46 0 342
2815 205 9725 102 51 0 386
2207 224 10123 104 59 0 431
1490 218 9622 119 53 0 453
1408 348 8806 127 60 0 364
4641 145 3225 0 63 128 675
5769 209 3499 0 65 157 918
5947 294 1725 120 51 0 386
8331 348 1596 121 72 0 386
10314 267 2888 126 77 0 386
9069 108 4522 131 82 0 386
9082 61 3932 117 83 0 364
9727 131 3763 116 62 0 386
7817 213 5059 106 73 0 431
7614 176 5715 96 49 0 364
6216 276 4797 0 62 94 342
5932 309 5066 126 62 0 320
8655 269 4597 128 80 0 431
7861 247 3389 131 43 0 342
8042 236 3583 87 36 0 298
9196 191 515 160 63 0 941
8128 324 446 155 69 0 542
5088 321 2092 111 49 0 453
-67 340 1561 126 52 0 431
4368 463 2595 128 53 0 453
3590 207 7903 113 46 0 409
12001 342 3177 121 43 0 608
2874 284 11879 130 66 0 542
3317 271 11638 127 60 0 386
3667 271 10808 131 70 0 386
3632 136 7857 100 25 0 276
5386 228 6626 111 72 0 320
3931 166 10061 110 66 0 386
4634 198 9559 123 63 0 386
5051 128 10269 102 48 0 386
5927 185 9330 120 69 0 386
6012 183 8798 114 58 0 386
9803 165 5853 120 59 0 386
10523 204 5526 114 52 0 386
10922 38 3100 0 68 99 453
6492 284 5288 89 45 0 542
7120 190 4997 0 76 150 386
8848 254 3626 0 46 127 386
9055 245 3375 0 62 143 386
9539 196 3142 0 62 147 608
10330 171 2681 49 18 0 364
12637 171 7237 144 60 0 386
10647 183 2283 0 65 167 342
9610 226 2560 0 63 148 298
6937 305 1863 0 69 120 431
7249 186 2423 0 87 179 298
11708 221 3033 58 36 0 409
4522 121 8542 0 17 52 542
5895 43 9035 0 41 121 652
3392 137 11150 0 60 131 586
7821 217 6655 66 36 0 409
6844 196 3763 103 56 0 364
7352 248 3854 148 58 0 630
6742 217 5184 106 38 0 652
8001 196 2533 174 69 0 652
3135 328 5102 128 60 0 342
9061 204 2542 0 49 128 386
9755 366 9103 104 49 0 386
9477 259 10286 104 49 0 386
9070 312 6451 102 38 0 453
962 408 145 120 60 0 453
2516 256 5987 0 72 184 386
5248 243 6412 85 51 12 320
10960 154 2769 0 43 90 253
10473 68 4013 0 62 136 253
10550 121 5350 0 62 136 253
10975 65 4938 0 62 136 253
11267 194 2662 66 29 0 409
8629 66 6339 0 53 119 276
1386 378 8174 127 60 0 364
6677 224 7840 68 36 0 386
6177 306 7468 59 26 0 409
4836 44 9330 0 53 119 276
5258 -49 9161 0 60 131 276
5518 130 8094 0 60 131 276
3497 -6 10197 41 11 79 342
5792 199 7772 0 60 131 276
2630 236 11743 55 28 0 386
6159 -129 7943 0 55 97 386
2183 249 11413 55 28 0 386
3095 -26 9648 0 39 94 276
7394 287 6305 58 24 0 409
3357 29 10641 0 60 131 276
6295 -81 8457 0 60 131 276
2224 108 11087 0 29 77 364
2634 -44 10661 0 72 138 497
4009 78 9758 92 51 22 276
4275 -150 9780 0 72 138 364
5552 226 4964 126 62 0 431
5422 314 1339 70 34 0 785
4794 150 7660 41 31 4 320
5393 268 7265 58 45 45 453
12237 155 4532 97 45 0 320
12070 130 4317 106 58 0 253
12569 205 5183 137 70 0 386
10673 198 1990 0 65 167 342
12655 313 5654 116 60 0 342
10175 186 9537 104 49 0 386
11593 208 5507 0 62 120 497
12574 352 6528 106 42 0 342
6767 191 9121 104 49 0 386
8741 227 10807 104 49 0 386
12635 350 6258 92 39 0 342
7814 363 9597 104 49 0 386
8663 254 9731 97 36 90 409
8944 190 11340 104 49 0 386
8502 215 9300 104 49 0 386
8949 50 6036 0 60 104 475
7429 174 12066 140 66 0 497
8676 94 5182 0 60 104 475
7406 255 11047 130 49 0 386
6453 231 10871 104 25 0 386
7988 335 9225 104 49 0 386
8198 312 9096 104 49 0 342
5452 129 12618 140 66 0 497
8593 164 11198 104 49 0 386
5038 170 12302 104 52 0 386
6600 131 10579 107 55 0 431
7480 178 9179 136 52 0 564
9194 238 8462 104 49 0 342
8646 295 7924 104 49 0 342
8878 226 8148 104 49 0 342
8973 294 9931 127 66 0 386
7457 133 1821 0 87 179 298
7787 237 1703 0 53 143 298
8166 168 5589 0 60 104 475
6697 244 3075 0 87 179 298
7896 276 8746 104 49 0 342
5779 259 2532 0 77 179 298
6304 262 2878 0 87 179 386
7629 223 2149 0 87 179 298
8108 71 6582 0 60 104 475
7537 56 6051 0 60 104 342
10571 137 3559 0 60 104 342
13595 348 3334 126 77 0 386
13828 295 4385 107 58 0 386
11710 37 3424 0 46 89 342
13889 312 5104 126 77 0 386
11496 68 4211 0 46 89 342
13732 247 4038 126 77 0 386
11164 188 6061 127 58 0 386
11642 194 5145 144 58 0 386
9753 204 8755 116 60 0 453
10855 237 7644 116 60 0 364
13780 272 8295 116 60 0 453
10504 235 7973 90 26 0 364
13776 258 5761 116 60 0 342
10269 188 6922 120 26 0 364
12620 173 8339 116 60 0 453
13867 297 6103 116 60 0 364
13883 341 6797 116 60 0 364
11007 196 8698 69 26 96 386
10418 240 6563 90 26 0 364
11296 209 8123 75 18 111 386
12056 197 7460 90 29 111 431
11111 189 7193 116 26 68 386
9891 291 7801 83 29 117 342
13824 350 8760 0 59 153 431
9503 158 8120 69 22 119 453
10569 201 8920 70 11 103 342
9454 240 7106 97 14 117 542
13752 232 9294 0 59 153 431
11896 231 5761 141 18 96 453
10134 230 6314 119 29 80 519
9538 246 6599 94 34 148 386
11389 190 8996 96 19 68 342
8841 293 7218 133 11 73 364
11491 153 4546 148 14 89 386
12427 233 6123 58 14 130 386
11937 207 9181 83 18 65 431
11763 267 6680 144 34 96 475
11425 217 6270 76 29 121 386
11581 216 7562 92 19 102 386
11982 185 8582 100 24 72 431
9186 202 1528 116 56 0 475
7280 192 10090 138 0 39 386
7423 195 11432 138 12 63 386
6788 216 11538 133 2 62 386
6464 245 9945 53 18 72 542
5996 344 9897 113 18 69 475
5795 184 10340 148 25 83 409
7278 223 10571 126 15 85 386
4339 333 11834 116 8 77 386
7790 287 10220 82 0 102 409
7064 272 12359 68 29 117 475
6189 207 11476 111 14 55 342
8635 179 10449 124 18 126 409
6005 167 10820 140 42 83 342
5186 192 11436 83 15 82 475
8704 259 12815 140 66 0 497
5948 216 12531 86 26 65 409
7805 251 12819 111 66 0 409
7837 287 12247 65 24 92 409
4091 223 12485 134 18 80 475
8555 246 12302 92 36 134 409
7525 313 12842 140 66 0 409
6916 273 12775 110 66 0 409
7909 244 12657 140 66 0 497
7238 298 12834 109 66 0 409
5574 216 12014 103 9 65 386
5992 166 11856 96 32 0 431
8281 334 14017 114 49 0 298
5110 261 13902 114 66 0 364
9571 467 14008 114 49 0 253
6558 275 13968 114 66 0 497
7616 284 13979 114 49 0 342
7950 260 14029 114 49 0 253
8922 313 14007 114 49 0 342
9945 455 10959 114 49 0 253
9543 500 12667 114 49 0 253
11284 438 9949 114 49 0 253
11703 462 9891 114 49 0 253
10874 451 10098 114 49 0 253
14022 319 14644 94 46 0 409
5739 348 12819 114 49 0 253
12594 430 9828 114 49 0 253
13902 446 9813 114 49 0 253
9555 468 12229 114 49 0 253
11154 380 14172 104 56 0 386
14371 344 14269 106 56 0 342
14390 358 14067 120 69 0 453
13941 378 11148 104 56 0 386
13796 380 14618 94 46 0 342
10044 367 14241 104 56 0 386
13951 339 11731 104 56 0 453
13953 332 12305 104 56 0 386
13984 356 12910 104 56 0 386
6753 215 9420 128 9 53 431
11839 376 14171 104 56 0 386
10582 300 14269 104 56 0 386
8915 327 12331 114 49 0 253
7619 242 8460 117 31 123 431
2955 180 13741 114 66 0 364
5057 223 9446 0 93 164 475
8531 204 7676 109 17 65 586
3718 215 10416 62 36 121 475
2801 325 12145 72 41 0 342
5906 144 11457 0 45 26 253
6190 61 10806 0 100 45 320
5986 79 10545 0 69 45 320
6344 11 11607 0 206 45 409
13747 904 13887 65 0 106 1317
13363 282 14256 131 93 62 386
5315 198 4062 0 63 128 453
7051 295 1562 130 77 0 253
7824 242 10662 147 0 73 409
10767 171 1699 205 79 2 409
8260 284 11862 85 24 72 409
6438 255 1583 130 77 0 364
278 255 9083 136 62 0 320
203 325 9416 133 51 0 342
6748 290 1550 130 77 0 253
5929 332 346 124 77 0 519
660 185 12195 124 56 0 298
4229 308 2319 4 43 106 431
2119 288 4357 4 43 77 386
1701 289 4374 4 43 77 386
8058 314 8912 104 49 0 276
4788 162 2138 111 49 0 364
3011 286 4186 4 43 77 409
4736 252 1541 111 49 0 320
12146 445 9844 114 49 0 253
9782 391 11399 114 49 0 253
4279 257 1922 4 43 110 386
3565 305 2120 4 43 77 298
4181 318 2737 4 43 111 453
4046 289 3132 4 43 89 386
2558 271 4266 4 43 77 431
2071 314 3702 4 43 106 364
3091 207 12626 114 66 0 364
3747 196 12695 114 66 0 364
176 278 8723 136 62 0 320
151 360 8338 136 62 0 320
3759 260 5923 0 72 184 386
1404 300 6084 141 58 0 276
272 268 6089 141 58 0 276
12647 276 7716 90 29 111 431
13833 341 7167 116 60 0 364
13898 383 6444 83 41 0 231
13867 338 4736 100 48 0 298
9916 195 7043 97 14 117 364
12646 360 5961 116 60 0 209
8612 347 14041 114 49 0 342
12980 283 14116 104 56 0 386
4913 152 6115 85 51 12 276
5104 204 6250 85 51 12 320
5041 306 3418 0 63 128 519
16 256 1303 121 110 87 231
-99 361 859 116 94 80 342
46 477 306 116 94 80 320
