Fire_Cauldron.troy 6013.36 147.066 7246.02 -2147483648 0 0 0 
WaterRipples.troy 4741.7 18.804 9009.86 -2147483648 0 0 0 
WaterRipples.troy 4887.58 5.85422 8853.9 -2147483648 0 0 0 
WaterRipples.troy 2614.21 -23.7839 10909.7 -2147483648 0 0 0 
WaterRipples.troy 2580.71 -76.7995 11105.8 -2147483648 0 0 0 
WaterRipples.troy 9776.13 -74.9982 5135.72 -2147483648 0 0 0 
WaterRipples.troy 9281.07 -71.5773 5133.01 -2147483648 0 -37 -37 
WaterRipples.troy 10718 -63.7542 4638.26 -2147483648 0 0 0 
WaterRipples.troy 10293 -55.5834 5289.34 -2147483648 0 0 0 
WaterRipples.troy 10391.6 -57.5455 5290.9 -2147483648 0 0 0 
FireTorch_Med.troy 8191.09 175.576 9102.04 -2147483648 0 0 0 
FireTorch_Med.troy 8049.11 197.634 8922.44 -2147483648 0 0 0 
FireTorch_Med.troy 7897.72 186.074 8766.7 -2147483648 0 0 0 
FireTorch_Med.troy 8586.12 184.794 7814.94 -2147483648 0 0 0 
FireTorch_Med.troy 8716.14 191.56 7999.1 -2147483648 0 0 0 
FireTorch_Med.troy 8877.6 162.13 8173.03 -2147483648 0 0 0 
FireTorch_Med.troy 9055.43 119.595 8320.11 -2147483648 0 0 0 
FireTorch_Med.troy 12649.8 262.816 6246.1 -2147483648 0 0 0 
FireTorch_Med.troy 12581.1 247.306 6509.56 -2147483648 0 0 0 
GemGlow.troy 2123.78 257.217 4387.7 -2147483648 0 0 0 
GemGlow.troy 2560.1 253.691 4290.19 -2147483648 0 -37 -37 
GemGlow.troy 2993.31 215.261 4217.18 -2147483648 0 0 0 
GemGlow.troy 4063.44 226.79 3183.67 -2147483648 0 0 0 
GemGlow.troy 4195.18 264.623 2760.46 -2147483648 0 0 0 
GemGlow.troy 4233.26 254.637 2323.19 -2147483648 0 0 0 
GemGlow.troy 4313.11 255.926 1927.36 -2147483648 0 0 0 
GemGlow_p.troy 7824.36 170.829 12326.3 -2147483648 0 0 0 
GemGlow_p.troy 8667.79 172.23 10422.2 -2147483648 0 0 0 
GemGlow_p.troy 10577.9 175.277 8997.01 -2147483648 0 0 0 
GemGlow_p.troy 11319.8 176.274 9059.86 -2147483648 0 0 0 
GemGlow_p.troy 11373.4 154.234 8185.46 -2147483648 0 0 0 
GemGlow_p.troy 12054.8 178.038 7512.01 -2147483648 0 0 0 
GemGlow_p.troy 11995.6 179.811 8652.81 -2147483648 0 0 0 
GemGlow_p.troy 12677.6 172.858 7674.13 -2147483648 0 0 0 
GemGlow_p.troy 11598.2 154.629 7665.19 -2147483648 0 0 0 
GemGlow_p.troy 11513.5 176.048 4516.62 -2147483648 0 0 0 
GemGlow_p.troy 11929.2 176.221 9132.49 -2147483648 0 0 0 
GemGlow_p.troy 13842.4 243.289 8822.96 -2147483648 0 0 0 
GemGlow_p.troy 14223.9 300.738 13976.4 -2147483648 0 0 0 
GemGlow_p.troy 13780.3 173.838 9345.89 -2147483648 0 0 0 
GemGlow_p.troy 9447.19 178.644 8101.67 -2147483648 0 0 0 
GemGlow_p.troy 11136.1 175.346 7179.58 -2147483648 0 0 0 
FireTorch_small.troy 2941.47 98.8523 13806.6 -2147483648 0 0 0 
GemGlow_p.troy 11437.1 179.633 6309.14 -2147483648 0 0 0 
GemGlow_p.troy 10154.8 181.43 6348.54 -2147483648 0 0 0 
GemGlow_p.troy 9911.28 169.118 7852.76 -2147483648 0 0 0 
FireTorch_small.troy 2648.25 120.468 8600.26 -2147483648 0 0 0 
SmallTorch.troy 9213.08 151.826 512.724 -2147483648 0 0 0 
FireTorch_small.troy 8015.59 256.617 9233.85 -2147483648 0 0 0 
GemGlow_p.troy 5220.76 159.998 11509.4 -2147483648 0 0 0 
GemGlow_p.troy 5561.73 172.199 12067 -2147483648 0 0 0 
SmallTorch.troy 9749.95 150.272 8845.73 -2147483648 0 0 0 
SmallTorch.troy 10851.7 139.061 7706.42 -2147483648 0 0 0 
FireTorch_small.troy 11146.7 126.827 6081.97 -2147483648 0 0 0 
FireTorch_small.troy 11675.7 123.343 5157.68 -2147483648 0 0 0 
FireTorch_small.troy 12544.8 131.413 5274.26 -2147483648 0 0 0 
FireTorch_small.troy 12236.1 119.029 4515.38 -2147483648 0 0 0 
Fire_Cauldron.troy 1454.39 364.921 4601.96 -2147483648 0 0 0 
LoFogYellow_env.troy 995.441 32.8576 12812.7 -2147483648 0 0 0 
FireTorch_Med.troy 13596.6 262.399 3346.7 -2147483648 0 0 0 
LoFogYellow_env.troy 13133.9 49.8121 2410.43 -2147483648 0 0 0 
LoFogYellow_env.troy 12185.6 49.3787 1223.76 -2147483648 0 0 0 
FireTorch_Med.troy 5290.1 176.849 1623.68 -2147483648 0 0 0 
GemGlow_p.troy 5968.79 172.026 12621.4 -2147483648 0 0 0 
FireTorch_Med.troy 469.047 273.031 11627.6 -2147483648 0 0 0 
LoFogYellow_env.troy 1805.89 23.1276 13439.5 -2147483648 0 0 0 
DarkSmoke.troy 6622.97 71.1639 10618.7 -2147483648 0 0 0 
DarkSmoke.troy 6007.36 69.3346 11836.2 -2147483648 0 0 0 
DarkSmoke.troy 7458.77 90.0955 9187.95 -2147483648 0 0 0 
GemGlow_p.troy 6024.27 175.693 10855.6 -2147483648 0 0 0 
GemGlow.troy 5338.63 171.506 4046.98 -2147483648 0 0 0 
GemGlow_p.troy 4084.2 193.604 12526.8 -2147483648 0 0 0 
GemGlow_p.troy 11942.7 227.463 10622.4 -2147483648 0 0 0 
Fire_Cauldron.troy 3172.11 390.516 4326.62 -2147483648 0 0 0 
FireTorch_Med.troy 6070.22 165.403 5710.6 -2147483648 0 0 0 
GemGlow.troy 1966.96 165.606 6984.21 -2147483648 0 0 0 
GemGlow.troy 2750.54 189.858 5559.49 -2147483648 0 0 0 
SmallTorch.troy 1413.85 145.94 6101.17 -2147483648 0 0 0 
GemGlow.troy 2872.75 178.826 7210.15 -2147483648 0 0 0 
GemGlow.troy 4085.82 167.406 7376.78 -2147483648 0 0 0 
FireTorch_small.troy 5143.22 187.211 13946.1 -2147483648 0 0 0 
FireTorch_small.troy 6569.99 189.829 13964.9 -2147483648 0 0 0 
GemGlow.troy 9054.1 168.571 3497.66 -2147483648 0 0 0 
WaterRipples.troy 4934.43 21.2747 8967.63 -2147483648 0 0 0 
WaterRipples.troy 4862.15 -55.6662 8834.78 -2147483648 0 0 0 
WaterRipples.troy 8141.6 -65.6231 6193.35 -2147483648 0 0 0 
WaterRipples.troy 8807.73 -70.8307 6011.14 -2147483648 0 0 0 
WaterRipples.troy 9130.27 -49.8275 5258.99 -2147483648 0 -37 -37 
WaterRipples.troy 10742.3 -74.0046 4822.19 -2147483648 0 0 0 
WaterRipples.troy 11183.1 -50.9839 3871.19 -2147483648 0 0 0 
WaterRipples.troy 11407.8 -52.1869 3373.56 -2147483648 0 0 0 
WaterRipples.troy 11428.5 -43.2518 3544.86 -2147483648 0 0 0 
WaterRipples.troy 2819.72 -70.9072 10490.2 -2147483648 0 0 0 
GemGlow_p.troy 8560.6 130.278 7737.41 -2147483648 0 0 0 
GemGlow_p.troy 12474.9 187.751 6165.55 -2147483648 0 0 0 
SmallTorch.troy 8130.27 214.532 439.422 -2147483648 0 0 0 
GemGlow.troy 1765.72 170.488 9080.24 -2147483648 0 0 0 
GemGlow.troy 8850.6 184.863 3637.92 -2147483648 0 0 0 
GemGlow.troy 9531.48 176.632 3171.03 -2147483648 0 0 0 
GemGlow.troy 8770.49 183.338 4174.92 -2147483648 0 0 0 
GemGlow.troy 10652 171.383 2263.93 -2147483648 0 0 0 
GemGlow.troy 10685.8 182.918 2021.3 -2147483648 0 -37 -37 
GemGlow.troy 9613.74 205.571 2527.03 -2147483648 0 0 0 
FireTorch_small.troy 6770.83 128.744 9122.36 -2147483648 0 0 0 
GemGlow_p.troy 7602.06 149.945 8546.24 -2147483648 0 0 0 
GemGlow.troy 6937.77 163.318 2042.05 -2147483648 0 0 0 
GemGlow.troy 7249.8 142.375 2442.82 -2147483648 0 0 0 
GemGlow.troy 9074.14 177.02 2633.46 -2147483648 0 0 0 
GemGlow.troy 7113.13 182.025 5027.45 -2147483648 0 0 0 
FireTorch_small.troy 6772.54 138.565 3796.73 -2147483648 0 0 0 
FireTorch_small.troy 8728.54 257.524 4861.45 -2147483648 0 0 0 
FireTorch_small.troy 4443.72 115.386 7870.71 -2147483648 0 0 0 
GemGlow.troy 7141.48 187.128 1851.09 -2147483648 0 0 0 
FireTorch_small.troy 10337.2 241.128 3598.47 -2147483648 0 0 0 
FireTorch_small.troy 10318.2 158.069 2902.76 -2147483648 0 0 0 
FireTorch_small.troy 254.651 151.981 6079.74 -2147483648 0 0 0 
FireTorch_small.troy 7903.54 227.284 12639.3 -2147483648 0 0 0 
FireTorch_small.troy 7433.23 138.186 12152.8 -2147483648 0 0 0 
SmallTorch.troy 9191.02 130.426 1566.02 -2147483648 0 0 0 
FireTorch_small.troy 9035.14 5.04745 4603.11 -2147483648 0 0 0 
FireTorch_small.troy 9059.66 -2.55454 3843.13 -2147483648 0 0 0 
FireTorch_small.troy 1464.61 112.846 9629.95 -2147483648 0 0 0 
GemGlow.troy 2179.93 184.102 5587.69 -2147483648 0 0 0 
GemGlow.troy 2578.19 194.269 8147.6 -2147483648 0 0 0 
FireTorch_small.troy 1683.16 127.917 7151.49 -2147483648 0 0 0 
GemGlow.troy 2176.98 176.24 8685.1 -2147483648 0 0 0 
FireTorch_Med.troy 5799.9 157.064 5359.86 -2147483648 0 0 0 
FireTorch_Med.troy 13721 160.556 4048.49 -2147483648 0 0 0 
GemGlow.troy 3549.08 219.451 2125.48 -2147483648 0 0 0 
GemGlow.troy 2061.54 215.259 3726.54 -2147483648 0 0 0 
LoFogYellow_env.troy 5856.47 38.4781 12695.4 -2147483648 0 0 0 
FireTorch_Med.troy -59.6043 304.269 1560.74 -2147483648 0 0 0 
Dandelion_env.troy 8434.48 85.0359 1788.67 -2147483648 0 0 0 
Dandelion_env.troy 1743.64 85.0359 5825.56 -2147483648 0 0 0 
Dandelion_env.troy 2201.31 106.482 8948.62 -2147483648 0 0 0 
Dandelion_env.troy 3843.4 85.0359 6601.92 -2147483648 0 -37 -37 
Dandelion_env.troy 6906.89 85.0359 4207.65 -2147483648 0 0 0 
Dandelion_env.troy 5333.3 85.0359 4574.8 -2147483648 0 0 0 
Dandelion_env.troy 7534.28 85.0359 2482.25 -2147483648 0 0 0 
GemGlow.troy 3988.59 169.735 6840.12 -2147483648 0 0 0 
FireTorch_Med.troy -0.502656 267.568 2741.22 -2147483648 0 0 0 
FireTorch_Med.troy -4.66063 320.031 3313.87 -2147483648 0 0 0 
FireTorch_Med.troy 7.98821 316.9 3937.33 -2147483648 0 0 0 
FireTorch_Med.troy 211.361 253.992 4878.55 -2147483648 0 0 0 
FireTorch_Med.troy 240.408 260.029 5385.97 -2147483648 0 0 0 
Fire_Bowl.troy 3555.67 94.4923 6493.96 -2147483648 0 0 0 
Fire_Cauldron.troy 1901.81 363.147 4598.83 -2147483648 0 0 0 
Fire_Cauldron.troy 2349.23 402.632 4558.15 -2147483648 0 0 0 
Fire_Cauldron.troy 4091.55 355.225 3457.25 -2147483648 0 0 0 
SmallTorch.troy 10754.1 131.143 1747.27 -2147483648 0 0 0 
Fire_Cauldron.troy 2757.54 370.878 4483.06 -2147483648 0 0 0 
Fire_Cauldron.troy 4255.42 361.794 3034.55 -2147483648 0 0 0 
Fire_Cauldron.troy 4382.04 391.252 2600.69 -2147483648 0 0 0 
Fire_Cauldron.troy 4463.97 362.012 2183.58 -2147483648 0 0 0 
Fire_Cauldron.troy 4472.32 382.801 1732.87 -2147483648 0 0 0 
Fire_Cauldron.troy 4423.11 359.702 386.179 -2147483648 0 0 0 
Fire_Cauldron.troy 36.3733 370.181 4650.78 -2147483648 0 0 0 
Fire_Cauldron.troy 9554.87 379.239 12252.8 -2147483648 0 0 0 
Fire_Cauldron.troy 10871.9 386.862 10125.9 -2147483648 0 0 0 
FireTorch_small.troy 9814.01 -1.1367 3788.38 -2147483648 0 0 0 
Fire_Cauldron.troy 13908 370.313 9828.92 -2147483648 0 0 0 
Fire_Cauldron.troy 9781.05 361.09 11404.4 -2147483648 0 0 0 
FireTorch_small.troy 256.749 159.027 6789.4 -2147483648 0 0 0 
Fire_Cauldron.troy 12594 360.18 9849.34 -2147483648 0 0 0 
Fire_Cauldron.troy 12152.9 370.568 9857.86 -2147483648 0 0 0 
Fire_Cauldron.troy 11292.4 375.334 9958.81 -2147483648 0 0 0 
Fire_Cauldron.troy 9643.47 397.193 11837.9 -2147483648 0 0 0 
Fire_Cauldron.troy 9545.38 382.231 12706 -2147483648 0 0 0 
Fire_Cauldron.troy 9575.07 358.99 14047.9 -2147483648 0 0 0 
Fire_Cauldron.troy 8020.9 131.468 6945.66 -2147483648 0 0 0 
Fire_Cauldron.troy 7005.46 126.874 7983.27 -2147483648 0 0 0 
Fire_Bowl.troy 6534.4 94.0399 5410.88 -2147483648 0 0 0 
Fire_Cauldron.troy 7031.07 147.491 6297 -2147483648 0 0 0 
FireTorch_Med.troy 7820.29 194.442 12813 -2147483648 0 -37 -37 
FireTorch_Med.troy 7526.27 203.313 12850.3 -2147483648 0 0 0 
FireTorch_Med.troy 6922.66 193.4 12796 -2147483648 0 -37 -37 
GemGlow.troy 5064.32 194.142 3557.69 -2147483648 0 0 0 
FireTorch_Med.troy 6149.64 197.592 1641.07 -2147483648 0 0 0 
FireTorch_Med.troy 6487.29 167.627 424.976 -2147483648 0 0 0 
FireTorch_Med.troy 5928.77 220.449 368.228 -2147483648 0 0 0 
FireTorch_Med.troy 1430.09 242.137 8799.66 -2147483648 0 0 0 
FireTorch_Med.troy 209.484 242.743 7618.76 -2147483648 0 0 0 
FireTorch_Med.troy 142.713 265.295 8341.72 -2147483648 0 0 0 
FireTorch_Med.troy 5755.49 269.271 12842.8 -2147483648 0 0 0 
FireTorch_Med.troy 3934.35 126.128 10074 -2147483648 0 0 0 
FireTorch_Med.troy 329.387 152.898 10895.3 -2147483648 0 0 0 
FireTorch_Med.troy 225.114 214.549 10533.8 -2147483648 0 0 0 
FireTorch_Med.troy 154.058 247.383 9788.47 -2147483648 0 0 0 
FireTorch_Med.troy 165.344 261.207 10151 -2147483648 0 0 0 
FireTorch_Med.troy 197.379 229.859 9425.84 -2147483648 0 0 0 
FireTorch_Med.troy 273.587 171.134 9087.4 -2147483648 0 0 0 
FireTorch_Med.troy 176.915 225.658 8723.18 -2147483648 0 0 0 
Fire_Bowl.troy 8503.27 79.1842 9321.19 -2147483648 0 0 0 
FireTorch_Med.troy 9760.07 229.316 9084.67 -2147483648 0 0 0 
FireTorch_Med.troy 10843 230.977 9394.48 -2147483648 0 0 0 
FireTorch_Med.troy 8721.32 182.462 12816.7 -2147483648 0 0 0 
FireTorch_Med.troy 1345.46 308.904 293.466 -2147483648 0 0 0 
FireTorch_Med.troy 2108.88 307.883 299.467 -2147483648 0 0 0 
FireTorch_Med.troy 2800.86 307.892 265.381 -2147483648 0 0 0 
FireTorch_small.troy 8621.09 127.497 11209.6 -2147483648 0 0 0 
FireTorch_Med.troy 3356.32 309.528 240.742 -2147483648 0 0 0 
FireTorch_Med.troy 3909.69 312.536 230.761 -2147483648 0 0 0 
FireTorch_Med.troy 4645.83 94.4023 9595.83 -2147483648 0 0 0 
FireTorch_Med.troy 121.385 267.784 -197.585 -2147483648 0 0 0 
FireTorch_Med.troy 4213.44 228.278 5393.99 -2147483648 0 0 0 
Fire_Cauldron.troy 7366.42 60.4687 3826.43 -2147483648 0 0 0 
Fire_Bowl.troy 11084.9 97.4888 5029.31 -2147483648 0 0 0 
Fire_Cauldron.troy 11995.7 174.825 3234.9 -2147483648 0 0 0 
FireTorch_Med.troy 147.687 255.206 7975.35 -2147483648 0 0 0 
LoFogYellow_env.troy 2222.05 35.0046 13456.8 -2147483648 0 0 0 
Fire_Bowl.troy 1927.7 157.627 11357 -2147483648 0 0 0 
FireTorch_Med.troy -63.2455 274.296 -196.556 -2147483648 0 0 0 
FireTorch_Med.troy -404.203 283.768 126.109 -2147483648 0 0 0 
FireTorch_Med.troy -430.792 276.239 299.374 -2147483648 0 0 0 
Fire_Bowl.troy 5597.1 92.468 9362.28 -2147483648 0 0 0 
Fire_Bowl.troy 3543.26 126.019 8949.53 -2147483648 0 0 0 
Fire_Bowl.troy 2938.08 110.383 9477.06 -2147483648 0 0 0 
Fire_Bowl.troy 4094.55 105.017 8537.42 -2147483648 0 0 0 
Fire_Bowl.troy 3674.04 218.199 10822.4 -2147483648 0 0 0 
FireTorch_Med.troy 1421.4 278.172 8493.09 -2147483648 0 0 0 
FireTorch_Med.troy 1392.02 269.764 8196.06 -2147483648 0 0 0 
FireTorch_Med.troy 1452.21 257.046 7910.43 -2147483648 0 0 0 
FireTorch_Med.troy 6436.7 212.922 1583 -2147483648 0 0 0 
FireTorch_Med.troy 6735.02 229.209 1565.66 -2147483648 0 -37 -37 
FireTorch_Med.troy 4912.63 113.825 6115.38 -2147483648 0 -37 -37 
FireTorch_Med.troy 5092.92 153.609 6260.08 -2147483648 0 0 0 
FireTorch_Med.troy 5249.35 187.357 6435.83 -2147483648 0 0 0 
LavaCauldron.troy 6450.12 112.584 10909.1 -2147483648 0 0 0 
LavaCauldron.troy 3636.8 111.46 7874.53 -2147483648 0 0 0 
LavaCauldron.troy 10503.8 95.5737 7986.32 -2147483648 0 0 0 
SmallTorch.troy 5943.41 308.827 5235.73 -2147483648 0 0 0 
FireTorch_Med.troy 5930.21 168.101 5547.09 -2147483648 0 0 0 
FireTorch_small.troy 4510.46 6.87219 10784.1 -2147483648 0 0 0 
SmallTorch.troy 9982.8 126.119 7149.62 -2147483648 0 0 0 
SmallTorch.troy 3784.05 131.903 4922.53 -2147483648 0 0 0 
Fire_Cauldron.troy 9946.84 362.899 10979.7 -2147483648 0 0 0 
FireTorch_small.troy 7438.07 112.903 11096.1 -2147483648 0 0 0 
SmallTorch.troy 6031.03 279.696 1760.82 -2147483648 0 0 0 
SmallTorch.troy 3720.04 143.768 4876.02 -2147483648 0 0 0 
FireTorch_Med.troy 5383.2 187.148 6617.39 -2147483648 0 0 0 
FireTorch_Med.troy 7045.78 202.894 1587.82 -2147483648 0 0 0 
GemGlow.troy 5800.44 174.121 3582.55 -2147483648 0 0 0 
FireTorch_Med.troy 10041.4 128.446 4358.84 -2147483648 0 -37 -37 
FireTorch_small.troy 4982.55 114.055 12360.2 -2147483648 0 0 0 
FireTorch_small.troy 2201.09 143.429 10167.8 -2147483648 0 0 0 
GemGlow.troy 5815.39 172.537 2595.4 -2147483648 0 0 0 
GemGlow.troy 6320.86 191.119 2997.55 -2147483648 0 0 0 
GemGlow.troy 6721.05 167.125 3106.6 -2147483648 0 0 0 
FireTorch_small.troy 5491.73 141.186 12562.7 -2147483648 0 0 0 
GemGlow.troy 2472.51 131.606 6076.26 -2147483648 0 0 0 
FireTorch_small.troy 8740.78 115.479 10839.2 -2147483648 0 0 0 
FireTorch_small.troy 9477.26 129.236 10320.8 -2147483648 0 0 0 
GemGlow.troy 7479.73 177.092 1784.16 -2147483648 0 0 0 
FireTorch_Med.troy 8344.11 275.135 1609.81 -2147483648 0 0 0 
FireTorch_Med.troy 6209.53 204.385 378.581 -2147483648 0 0 0 
FireTorch_Med.troy 5656.85 206.448 387.608 -2147483648 0 0 0 
FireTorch_Med.troy 5396.66 198.686 450.449 -2147483648 0 0 0 
GemGlow.troy 7623.96 161.517 2235.66 -2147483648 0 0 0 
GemGlow.troy 7818.59 162.589 1743.62 -2147483648 0 0 0 
GemGlow.troy 8939.25 162.951 2098.61 -2147483648 0 0 0 
GemGlow.troy 6209.63 273.481 4781.91 -2147483648 0 -37 -37 
Fire_Bowl.troy 9872.51 88.7782 5888.09 -2147483648 0 0 0 
Fire_Bowl.troy 10538.6 98.5579 5551.61 -2147483648 0 0 0 
FireTorch_Med.troy 5030.19 237.403 4503.53 -2147483648 0 0 0 
GemGlow.troy 2712.83 185.662 6141.3 -2147483648 0 0 0 
GemGlow.troy 3754.73 188.916 5951.94 -2147483648 0 0 0 
LavaCauldron.troy 10266.1 93.9576 6929.29 -2147483648 0 0 0 
GemGlow_p.troy 11881 176.788 5782.31 -2147483648 0 0 0 
GemGlow_p.troy 6188.49 170.163 11584.4 -2147483648 0 0 0 
Fire_Bowl.troy 9050.14 245.522 6448.15 -2147483648 0 0 0 
Fire_Bowl.troy 9199.35 97.2136 8498.85 -2147483648 0 0 0 
GemGlow_p.troy 7830.9 164.937 10693.8 -2147483648 0 -37 -37 
GemGlow_p.troy 7252.97 165.031 10233.5 -2147483648 0 0 0 
Fire_Bowl.troy 3320.59 255.633 11631.1 -2147483648 0 0 0 
Fire_Cauldron.troy 2873.62 171.332 11892.8 -2147483648 0 0 0 
GemGlow_p.troy 3723.46 185.466 10453.7 -2147483648 0 0 0 
SmallTorch.troy 648.141 135.733 12220.7 -2147483648 0 0 0 
GemGlow_p.troy 5068.58 162.677 9499.67 -2147483648 0 0 0 
GemGlow_p.troy 6751.48 182.063 9392.15 -2147483648 0 0 0 
GemGlow_p.troy 11053.1 136.741 8827.98 -2147483648 0 0 0 
GemGlow.troy 285.532 355.266 26.3613 -2147483648 0 0 0 
GemGlow.troy -199.442 353.715 478.684 -2147483648 0 0 0 
FireTorch_Med.troy 6537.5 72.5032 5271.52 -2147483648 0 0 0 
Fire_Bowl.troy 7615.71 88.4013 5740.05 -2147483648 0 0 0 
SmallTorch.troy 10192.3 108.574 9556.03 -2147483648 0 0 0 
FireTorch_small.troy 12623.6 147.93 8353.47 -2147483648 0 0 0 
FireTorch_small.troy 13789.6 143.402 8355.14 -2147483648 0 0 0 
FireTorch_Med.troy 12638.8 222.724 5680.3 -2147483648 0 0 0 
FireTorch_Med.troy 13833.4 246.001 7157.83 -2147483648 0 0 0 
FireTorch_Med.troy 13891.9 252.285 6817.37 -2147483648 0 0 0 
FireTorch_Med.troy 13863.8 223.732 6108.38 -2147483648 0 0 0 
FireTorch_Med.troy 13778.6 171.463 5763.87 -2147483648 0 0 0 
FireTorch_Med.troy 13846.3 242.402 5441.16 -2147483648 0 0 0 
FireTorch_Med.troy 13890 239.782 5096.25 -2147483648 0 0 0 
FireTorch_Med.troy 13869.8 258.198 4750.75 -2147483648 0 0 0 
FireTorch_Med.troy 13821.4 211.732 4392.13 -2147483648 0 0 0 
GemGlow_p.troy 9502.93 180.249 6619.02 -2147483648 0 0 0 
GemGlow_p.troy 9425.92 135.811 7223.57 -2147483648 0 0 0 
GemGlow_p.troy 11791.5 181.631 6678.66 -2147483648 0 0 0 
GemGlow_p.troy 9918.88 162.068 7047.46 -2147483648 0 0 0 
GemGlow_p.troy 13714.5 305.386 14444.2 -2147483648 0 0 0 
GemGlow_p.troy 5334.71 173.714 10364.4 -2147483648 0 0 0 
FireTorch_Med.troy 13896.4 251.744 6469.09 -2147483648 0 0 0 
GemGlow_p.troy 6756.51 156.07 11983.6 -2147483648 0 0 0 
LoFogYellow_env.troy 12709.8 51.9208 1726.17 -2147483648 0 0 0 
GemGlow_p.troy 4319.77 230.466 11874.3 -2147483648 0 0 0 
GemGlow_p.troy 7173.96 162.132 12393.2 -2147483648 0 0 0 
GemGlow_p.troy 7024.57 190.41 12617.8 -2147483648 0 0 0 
GemGlow_p.troy 8300.82 165.261 11930.4 -2147483648 0 0 0 
GemGlow_p.troy 8594.74 171.439 12336.4 -2147483648 0 0 0 
FireTorch_Med.troy 7619.65 177.115 13981 -2147483648 0 0 0 
GemGlow_p.troy 8676.07 164.371 9845.06 -2147483648 0 0 0 
GemGlow_p.troy 8834 137.224 7274.35 -2147483648 0 0 0 
FireTorch_Med.troy 7949.94 210.102 14021.6 -2147483648 0 0 0 
GemGlow_p.troy 6481.8 174.496 9990.43 -2147483648 0 0 0 
LoFogGreen_env.troy 5973.59 54.3193 10717.1 -2147483648 0 0 0 
GemGlow_p.troy 5841.02 166.627 10368.7 -2147483648 0 0 0 
GemGlow_p.troy 7810.35 191.638 10283.5 -2147483648 0 0 0 
FireTorch_Med.troy 8290.3 224.88 14045.7 -2147483648 0 0 0 
GemGlow_p.troy 7279.91 160.994 10677.2 -2147483648 0 0 0 
GemGlow_p.troy 7436.99 169.58 11426.6 -2147483648 0 0 0 
FireTorch_Med.troy 8610.36 213.63 14048.7 -2147483648 0 0 0 
FireTorch_Med.troy 8930.3 188.7 14036.2 -2147483648 0 0 0 
GemGlow_p.troy 5980.01 189.022 9972.3 -2147483648 0 0 0 
FireTorch_Med.troy 10037.6 309.735 14250.8 -2147483648 0 0 0 
FireTorch_Med.troy 965.702 337.316 148.428 -2147483648 0 0 0 
FireTorch_Med.troy 5090.62 254.905 2086.39 -2147483648 0 0 0 
Fire_Bowl.troy 4773.51 105.963 5931.94 -2147483648 0 0 0 
Fire_Bowl.troy 5500.91 114.618 5064.44 -2147483648 0 0 0 
Fire_Bowl.troy 6007.62 -19.7626 8817.59 -2147483648 0 0 0 
FireTorch_Med.troy 3120.31 222.334 5125.64 -2147483648 0 0 0 
Bugs_env.troy 5558.67 44.5161 11570.8 -2147483648 0 0 0 
Bugs_env.troy 7510.55 44.5161 12522.3 -2147483648 0 -37 -37 
Bugs_env.troy 8913.85 44.5161 10267.2 -2147483648 0 0 0 
Bugs_env.troy 9099.4 44.5161 7758.66 -2147483648 0 0 0 
Bugs_env.troy 12360.2 44.5161 8671.84 -2147483648 0 0 0 
WaterRipples.troy 10687.9 -37.1117 3832.3 -2147483648 0 0 0 
WaterRipples.troy 11208.3 -37.1117 4006.72 -2147483648 0 0 0 
WaterRipples.troy 10856.1 -37.1117 3533.67 -2147483648 0 0 0 
WaterRipples.troy 10912.8 -50.8351 3246.4 -2147483648 0 0 0 
WaterRipples.troy 10065.7 -37.1117 4666.08 -2147483648 0 -37 -37 
WaterRipples.troy 10158.9 -37.1117 4770.88 -2147483648 0 -37 -37 
WaterRipples.troy 10483.5 -37.1117 5050.35 -2147483648 0 0 0 
WaterRipples.troy 10215 -67.169 5320.6 -2147483648 0 0 0 
WaterRipples.troy 9521.71 -56.7736 5592.64 -2147483648 0 0 0 
WaterRipples.troy 9667.39 -66.532 5117.47 -2147483648 0 -37 -37 
WaterRipples.troy 9225.8 -66.1718 5711.04 -2147483648 0 0 0 
WaterRipples.troy 8455.67 -37.1117 5753.36 -2147483648 0 0 0 
WaterRipples.troy 8480.4 -37.1117 5640.31 -2147483648 0 0 0 
WaterRipples.troy 7888.16 -37.1117 6013.79 -2147483648 0 0 0 
WaterRipples.troy 8049.57 -51.8101 6086.37 -2147483648 0 0 0 
WaterRipples.troy 6079.26 -37.1117 7942.71 -2147483648 0 0 0 
WaterRipples.troy 6294.75 -37.1117 8092.48 -2147483648 0 0 0 
WaterRipples.troy 5672.46 -50.0265 8229.65 -2147483648 0 0 0 
WaterRipples.troy 5834.52 -68.0021 8527.53 -2147483648 0 0 0 
WaterRipples.troy 5128.57 -37.1117 8523.56 -2147483648 0 0 0 
WaterRipples.troy 5830.73 -66.5047 8799.34 -2147483648 0 0 0 
WaterRipples.troy 5483.92 -58.4964 9117.86 -2147483648 0 0 0 
WaterRipples.troy 4788.79 -37.1117 8661.45 -2147483648 0 0 0 
WaterRipples.troy 4640.07 -37.1117 9139.12 -2147483648 0 0 0 
WaterRipples.troy 4556.3 -37.1117 9146.65 -2147483648 0 0 0 
WaterRipples.troy 4705.32 -37.1117 8879.85 -2147483648 0 0 0 
WaterRipples.troy 4079.1 -57.224 8927.35 -2147483648 0 0 0 
WaterRipples.troy 3516.19 -66.1646 9477.29 -2147483648 0 0 0 
WaterRipples.troy 3973.56 -53.4644 9784.67 -2147483648 0 0 0 
WaterRipples.troy 3896.71 -56.4658 9797.63 -2147483648 0 0 0 
WaterRipples.troy 3825.28 -45.9407 10008.5 -2147483648 0 0 0 
WaterRipples.troy 3178.05 -68.0346 10100.4 -2147483648 0 0 0 
WaterRipples.troy 3121.78 -62.6436 10027.2 -2147483648 0 0 0 
WaterRipples.troy 2887.95 -62.1824 10552.7 -2147483648 0 0 0 
WaterRipples.troy 2828.03 -70.4278 10556.7 -2147483648 0 0 0 
WaterRipples.troy 3173.59 -45.534 10949.2 -2147483648 0 0 0 
WaterRipples.troy 2793.58 -49.1846 11488 -2147483648 0 0 0 
WaterRipples.troy 2603.31 -37.1117 11291.9 -2147483648 0 0 0 
WaterBugs_env.troy 3058.57 -37.1117 11449 -2147483648 0 0 0 
WaterBugs_env.troy 3164.75 -37.1117 10729.1 -2147483648 0 0 0 
WaterBugs_env.troy 3471.64 -37.1117 10385.8 -2147483648 0 0 0 
WaterBugs_env.troy 2897.12 -37.1117 10108.6 -2147483648 0 0 0 
WaterBugs_env.troy 3192.38 -37.1117 9783.63 -2147483648 0 0 0 
WaterBugs_env.troy 4079.62 -37.1117 9818.54 -2147483648 0 0 0 
WaterBugs_env.troy 4428.7 -37.1117 8830.94 -2147483648 0 0 0 
WaterBugs_env.troy 5185.03 -37.1117 8945.85 -2147483648 0 0 0 
WaterBugs_env.troy 4956.68 -37.1117 9318.2 -2147483648 0 0 0 
WaterBugs_env.troy 5422.11 -37.1117 9230.93 -2147483648 0 0 0 
WaterBugs_env.troy 5433.75 -37.1117 8240.42 -2147483648 0 0 0 
WaterBugs_env.troy 5864.28 -37.1117 8734.95 -2147483648 0 0 0 
WaterBugs_env.troy 6438.8 -37.1117 8284.06 -2147483648 0 0 0 
WaterBugs_env.troy 8330.69 -37.1117 6354.54 -2147483648 0 0 0 
WaterBugs_env.troy 7758.29 -37.1117 6056.25 -2147483648 0 0 0 
WaterBugs_env.troy 8852.04 -37.1117 5241.98 -2147483648 0 0 0 
WaterBugs_env.troy 9765.74 -37.1117 5282.29 -2147483648 0 -37 -37 
WaterBugs_env.troy 9306.2 -37.1117 4712.57 -2147483648 0 -37 -37 
WaterRipples.troy 3133.63 -67.2904 10099.8 -2147483648 0 0 0 
WaterRipples.troy 4155.61 -70.5377 8910.5 -2147483648 0 0 0 
WaterRipples.troy 4653.31 -51.6196 8628.98 -2147483648 0 0 0 
WaterRipples.troy 5687.07 -58.687 8154.58 -2147483648 0 0 0 
FireTorch_Med.troy 9410.13 95.4537 4885.36 -2147483648 0 0 0 
WaterBugs_env.troy 10878.3 -37.1117 4683.01 -2147483648 0 0 0 
WaterBugs_env.troy 11071.8 -37.1117 4349.78 -2147483648 0 0 0 
GemGlow_p.troy 10460.6 210.662 12247 -2147483648 0 0 0 
FireTorch_small.troy 1675.37 123.104 7760.25 -2147483648 0 0 0 
FireTorch_small.troy 13827.5 200.508 6661.7 -2147483648 0 0 0 
WaterBugs_env.troy 10946.9 -37.1117 3479.12 -2147483648 0 0 0 
WaterBugs_env.troy 11483.2 -37.1117 4223.36 -2147483648 0 0 0 
FireTorch_Med.troy 6218.73 160.64 5852.16 -2147483648 0 0 0 
FireTorch_small.troy 3075.01 106.045 12624.6 -2147483648 0 0 0 
GemGlow_p.troy 6769.52 155.647 11609.3 -2147483648 0 0 0 
FireTorch_Med.troy -14.9922 262.554 2166.6 -2147483648 0 0 0 
Fire_Bowl.troy 8390.58 141.028 5052.41 -2147483648 0 0 0 
Fire_Cauldron.troy 11198.2 158.737 2437.52 -2147483648 0 0 0 
Fire_Cauldron.troy 7983.08 54.5234 2616.89 -2147483648 0 0 0 
FireTorch_Med.troy 10590 308.928 14238.6 -2147483648 0 0 0 
FireTorch_small.troy 7834.32 176.254 3422.51 -2147483648 0 0 0 
FireTorch_Med.troy 11146 296.726 14214.5 -2147483648 0 0 0 
GemGlow.troy 1689.34 219.691 4398.95 -2147483648 0 0 0 
FireTorch_Med.troy 12637.3 279.171 5964.71 -2147483648 0 0 0 
FireTorch_small.troy 8921.57 140.054 11362.5 -2147483648 0 0 0 
FireTorch_Med.troy 11831.3 307.023 14175.9 -2147483648 0 0 0 
FireTorch_Med.troy 12460.2 302.774 14214.5 -2147483648 0 0 0 
FireTorch_Med.troy 13792.3 267.191 14629.6 -2147483648 0 0 0 
FireTorch_Med.troy 14019.4 267.333 14647.2 -2147483648 0 0 0 
FireTorch_Med.troy 14393 263.691 14284.7 -2147483648 0 0 0 
FireTorch_Med.troy 14392.6 263.448 14073.4 -2147483648 0 0 0 
FireTorch_Med.troy 14001.5 294.536 12919.4 -2147483648 0 0 0 
FireTorch_Med.troy 13960.6 262.41 12311.5 -2147483648 0 0 0 
FireTorch_Med.troy 13947 261.27 11739.3 -2147483648 0 0 0 
FireTorch_Med.troy 13947.2 316.479 11165.6 -2147483648 0 0 0 
FireTorch_Med.troy 13937.1 316.613 10542.1 -2147483648 0 0 0 
Fire_Cauldron.troy 11701.9 397.049 9899.17 -2147483648 0 0 0 
FireTorch_Med.troy 8921.34 257.085 12346.8 -2147483648 0 0 0 
FireTorch_Med.troy 9019.12 235.041 10025.8 -2147483648 0 0 0 
FireTorch_small.troy 13822.6 198.721 5126 -2147483648 0 0 0 
WaterRipples.troy 2930.82 -49.1155 11169 -2147483648 0 0 0 
FireTorch_Med.troy 7226.95 227.781 12830.2 -2147483648 0 0 0 
FireTorch_small.troy 3744.43 112.368 12749.7 -2147483648 0 0 0 
FireTorch_small.troy 5123.16 6.95049 10299.5 -2147483648 0 0 0 
FireTorch_small.troy 12626.9 123.625 7247.44 -2147483648 0 0 0 
FireTorch_small.troy 13715.3 195.394 3526.66 -2147483648 0 0 0 
Audio-Emitter_SR_FireMedium.troy 5051.94 199.963 2103.31 -2147483648 0 0 0 
Audio-Emitter_SR_FireSmall.troy 294.954 185.586 6065.86 -2147483648 0 0 0 
Audio-Emitter_SR_FireSmall.troy 1360.81 153.701 6109.49 -2147483648 0 0 0 
Audio-Emitter_SR_FireSmall.troy 302.903 170.888 6762.88 -2147483648 0 0 0 
Audio-Emitter_SR_FireSmall.troy 7877.88 125.271 3444.63 -2147483648 0 0 0 
Audio-Emitter_SR_FireSmall.troy 8677.86 208.38 4893.21 -2147483648 0 0 0 
Audio-Emitter_SR_FireMedium.troy 8377.83 224.098 1646.16 -2147483648 0 0 0 
Audio-Emitter_SR_FireSmall.troy 9230.1 128.765 1569.76 -2147483648 0 0 0 
Audio-Emitter_SR_FireMedium.troy 9992.62 103.496 4386.55 -2147483648 0 0 0 
Audio-Emitter_SR_FireSmall.troy 10297.1 201.777 3642.08 -2147483648 0 0 0 
Audio-Emitter_SR_FireMedium.troy 9451.47 47.1565 4907.98 -2147483648 0 0 0 
Audio-Emitter_SR_FireSmall.troy 10787.3 151.142 1733.17 -2147483648 0 0 0 
Audio-Emitter_SR_FireSmall.troy 9060.66 -11.4401 4614.64 -2147483648 0 0 0 
Audio-Emitter_SR_FireSmall.troy 9786.74 -41.6142 3806.44 -2147483648 0 0 0 
Audio-Emitter_SR_FireSmall.troy 9090.72 -12.8855 3843.52 -2147483648 0 0 0 
Audio-Emitter_SR_FireSmall.troy 10357 138.491 2909.7 -2147483648 0 0 0 
Audio-Emitter_SR_Bugs.troy 8899.33 1573.67 4296.97 -2147483648 0 0 0 
Audio-Emitter_SR_FireSmall.troy 9234.3 1580.98 3592.94 -2147483648 0 0 0 
Audio-Emitter_SR_WaterLappingSmall.troy 10643.7 -76.7999 4453.29 -2147483648 0 0 0 
Audio-Emitter_SR_WaterLappingSmall.troy 9435.6 -87.1914 4198.94 -2147483648 0 0 0 
Audio-Emitter_SR_WaterLappingSmall.troy 9928.56 -76.7999 5175.4 -2147483648 0 0 0 
Audio-Emitter_SR_WaterLappingSmall.troy 9112.92 -76.7999 5565.39 -2147483648 0 0 0 
Audio-Emitter_SR_WaterLappingSmall.troy 8240.56 -77.7602 6024.95 -2147483648 0 0 0 
Audio-Emitter_SR_FireSmall.troy 7475.68 52.1956 11122.6 -2147483648 0 0 0 
Audio-Emitter_SR_FireMedium.troy 165.234 224.68 7828.49 -2147483648 0 0 0 
Audio-Emitter_SR_FireMedium.troy 9738.64 159.601 9030.82 -2147483648 0 0 0 
Audio-Emitter_SR_FireMedium.troy 153.894 221.839 8574.4 -2147483648 0 0 0 
Audio-Emitter_SR_FireMedium.troy 224.141 142.623 9337.05 -2147483648 0 0 0 
Audio-Emitter_SR_FireMedium.troy 24.2334 285.797 1557.38 -2147483648 0 0 0 
Audio-Emitter_SR_FireMedium.troy 85.9151 285.028 3303.23 -2147483648 0 0 0 
Audio-Emitter_SR_FireMedium.troy 145.4 259.403 9955.6 -2147483648 0 0 0 
Audio-Emitter_SR_FireSmall.troy 6724.05 84.1422 3815.96 -2147483648 0 0 0 
Audio-Emitter_SR_FireMedium.troy -393.967 324.465 284.826 -2147483648 0 0 0 
Audio-Emitter_SR_FireMedium.troy 12.3157 270.957 -224.556 -2147483648 0 0 0 
Audio-Emitter_SR_FireMedium.troy 915.509 266.495 221.3 -2147483648 0 0 0 
Audio-Emitter_SR_FireMedium.troy 5313.33 176.449 1551.98 -2147483648 0 0 0 
Audio-Emitter_SR_FireMedium.troy 1411.82 264.616 294.994 -2147483648 0 0 0 
Audio-Emitter_SR_FireMedium.troy 4162.37 393.557 3190.08 -2147483648 0 0 0 
Audio-Emitter_SR_FireMedium.troy 2741.72 237.906 289.1 -2147483648 0 0 0 
Audio-Emitter_SR_FireMedium.troy 3290.37 261.696 261.341 -2147483648 0 0 0 
Audio-Emitter_SR_FireMedium.troy 6899.13 240.18 1453.15 -2147483648 0 0 0 
Audio-Emitter_SR_FireMedium.troy 2072.32 228.102 327.554 -2147483648 0 0 0 
Audio-Emitter_SR_FireMedium.troy 3857.5 319.112 216.229 -2147483648 0 0 0 
Audio-Emitter_SR_FireMedium.troy 4359.46 361.792 381.029 -2147483648 0 0 0 
Audio-Emitter_SR_FireMedium.troy 6274.5 161.73 1465.14 -2147483648 0 0 0 
Audio-Emitter_SR_FireMedium.troy 5531.52 41.4713 548.66 -2147483648 0 0 0 
Audio-Emitter_SR_FireMedium.troy 4352.91 326.486 2388.12 -2147483648 0 0 0 
Audio-Emitter_SR_FireMedium.troy 6372.47 95.5822 517.25 -2147483648 0 0 0 
Audio-Emitter_SR_FireMedium.troy 4312.94 342.26 2795.2 -2147483648 0 0 0 
Audio-Emitter_SR_FireMedium.troy 3157.23 205.694 5108.37 -2147483648 0 0 0 
Audio-Emitter_SR_FireMedium.troy 2090.77 287.739 4575.65 -2147483648 0 0 0 
Audio-Emitter_SR_FireMedium.troy 1666.94 358.802 4537.95 -2147483648 0 0 0 
Audio-Emitter_SR_FireMedium.troy 2567.2 383.448 4498.48 -2147483648 0 0 0 
Audio-Emitter_SR_FireMedium.troy 4338.28 352.817 1936.22 -2147483648 0 0 0 
Audio-Emitter_SR_FireMedium.troy 103.466 406.626 4586.72 -2147483648 0 0 0 
Audio-Emitter_SR_FireMedium.troy 2896.65 112.34 9408.55 -2147483648 0 0 0 
Audio-Emitter_SR_FireMedium.troy 84.7182 277.807 3927.87 -2147483648 0 0 0 
Audio-Emitter_SR_FireMedium.troy 4126.25 115.563 8527.11 -2147483648 0 0 0 
Audio-Emitter_SR_FireMedium.troy 3491.7 116.732 8884.24 -2147483648 0 0 0 
Audio-Emitter_SR_FireMedium.troy 1401.85 253.44 8699.1 -2147483648 0 0 0 
Audio-Emitter_SR_FireMedium.troy 7936.95 178 6941.76 -2147483648 0 0 0 
Audio-Emitter_SR_FireMedium.troy 7853.28 131.184 5076.36 -2147483648 0 0 0 
Audio-Emitter_SR_FireMedium.troy 55.9158 249.976 2159.62 -2147483648 0 0 0 
Audio-Emitter_SR_FireMedium.troy 51.2729 204.951 2758.89 -2147483648 0 0 0 
Audio-Emitter_SR_FireMedium.troy 5454.15 113.848 5012.54 -2147483648 0 0 0 
Audio-Emitter_SR_FireMedium.troy 1431.76 238.413 8053.65 -2147483648 0 0 0 
Audio-Emitter_SR_FireMedium.troy 7009.57 207.186 7864.87 -2147483648 0 0 0 
Audio-Emitter_SR_FireMedium.troy 6989.97 194.611 6289.52 -2147483648 0 0 0 
Audio-Emitter_SR_FireMedium.troy 6051.5 226.555 7179.78 -2147483648 0 0 0 
Audio-Emitter_SR_FireMedium.troy 7567.54 101.556 5745.01 -2147483648 0 0 0 
Audio-Emitter_SR_FireMedium.troy 244.599 231.16 5193.94 -2147483648 0 0 0 
Audio-Emitter_SR_FireMedium.troy 4751.77 116.928 5833.37 -2147483648 0 0 0 
Audio-Emitter_SR_FireMedium.troy 6003.08 234.184 5609.8 -2147483648 0 0 0 
Audio-Emitter_SR_FireMedium.troy 5176.43 189.926 6331.4 -2147483648 0 0 0 
Audio-Emitter_SR_FireMedium.troy 267.751 161.432 10736.3 -2147483648 0 0 0 
Audio-Emitter_SR_FireMedium.troy 522.301 181.687 11668.1 -2147483648 0 0 0 
Audio-Emitter_SR_FireMedium.troy 1876.25 188.797 11330.5 -2147483648 0 0 0 
Audio-Emitter_SR_FireMedium.troy 2803.74 239.989 11876.4 -2147483648 0 0 0 
Audio-Emitter_SR_FireMedium.troy 3359.59 275.672 11602.6 -2147483648 0 0 0 
Audio-Emitter_SR_FireMedium.troy 3590.44 42.3901 6522.12 -2147483648 0 0 0 
Audio-Emitter_SR_Cauldron.troy 3588.95 95.0932 7885.38 -2147483648 0 0 0 
Audio-Emitter_SR_FireSmall.troy 11179.2 126.48 6055.8 -2147483648 0 0 0 
Audio-Emitter_SR_FireMedium.troy 8659.02 203.473 7913.97 -2147483648 0 0 0 
Audio-Emitter_SR_FireMedium.troy 8981.45 74.6035 8307.37 -2147483648 0 0 0 
Audio-Emitter_SR_FireMedium.troy 9209.3 226.09 8367.98 -2147483648 0 0 0 
Audio-Emitter_SR_FireMedium.troy 6048.36 -13.0264 8825.92 -2147483648 0 0 0 
Audio-Emitter_SR_FireMedium.troy 5970.51 102.091 9338.08 -2147483648 0 0 0 
Audio-Emitter_SR_FireMedium.troy 4672.95 35.8844 9574.48 -2147483648 0 0 0 
Audio-Emitter_SR_FireMedium.troy 3893.17 76.1927 10085.8 -2147483648 0 0 0 
Audio-Emitter_SR_FireMedium.troy 3742.75 171.825 10845.8 -2147483648 0 0 0 
Audio-Emitter_SR_FireSmall.troy 4546.23 -76.8 10806.6 -2147483648 0 0 0 
Audio-Emitter_SR_FireSmall.troy 5112.77 -76.7999 10299.3 -2147483648 0 0 0 
Audio-Emitter_SR_FireSmall.troy 3819.8 66.1392 12777.5 -2147483648 0 0 0 
Audio-Emitter_SR_FireSmall.troy 3118.83 16.5945 12681.5 -2147483648 0 0 0 
Audio-Emitter_SR_FireSmall.troy 2979.9 81.6538 13820.8 -2147483648 0 0 0 
Audio-Emitter_SR_FireSmall.troy 673.688 95.2365 12199.4 -2147483648 0 0 0 
Audio-Emitter_SR_FireSmall.troy 5010.8 84.9177 12326.6 -2147483648 0 0 0 
Audio-Emitter_SR_FireSmall.troy 5500.1 142.493 12517.9 -2147483648 0 0 0 
Audio-Emitter_SR_FireSmall.troy 5092.54 208.398 13924.9 -2147483648 0 0 0 
Audio-Emitter_SR_FireMedium.troy 5811.29 198.918 12896.3 -2147483648 0 0 0 
Audio-Emitter_SR_FireSmall.troy 6541.07 216.365 13973.3 -2147483648 0 0 0 
Audio-Emitter_SR_FireSmall.troy 7459.76 167.577 12136.8 -2147483648 0 0 0 
Audio-Emitter_SR_FireMedium.troy 12028.3 220.139 3196.1 -2147483648 0 0 0 
Audio-Emitter_SR_FireMedium.troy 9911.12 42.2925 5920.04 -2147483648 0 0 0 
Audio-Emitter_SR_FireMedium.troy 10510.6 42.3901 5572.33 -2147483648 0 0 0 
Audio-Emitter_SR_FireMedium.troy 9090.22 234.927 6445.43 -2147483648 0 0 0 
Audio-Emitter_SR_FireMedium.troy 11119 105.507 5025.31 -2147483648 0 0 0 
Audio-Emitter_SR_FireMedium.troy 11234.7 181.25 2464.52 -2147483648 0 0 0 
Audio-Emitter_SR_FireMedium.troy 13641.5 121.868 3507.88 -2147483648 0 0 0 
Audio-Emitter_SR_FireMedium.troy 13779.8 171.982 4194.37 -2147483648 0 0 0 
Audio-Emitter_SR_FireMedium.troy 13884.5 203.805 4596.84 -2147483648 0 0 0 
Audio-Emitter_SR_FireMedium.troy 13877.5 200.487 5281.46 -2147483648 0 0 0 
Audio-Emitter_SR_FireMedium.troy 13827.8 175.184 5943.97 -2147483648 0 0 0 
Audio-Emitter_SR_FireMedium.troy 13910.5 205.771 6678.76 -2147483648 0 0 0 
Audio-Emitter_SR_FireMedium.troy 12656.7 261.679 5822.54 -2147483648 0 0 0 
Audio-Emitter_SR_FireMedium.troy 12608.2 231.093 6383.67 -2147483648 0 0 0 
Audio-Emitter_SR_FireMedium.troy 13800 173.735 7221.24 -2147483648 0 0 0 
Audio-Emitter_SR_FireMedium.troy 7982.85 81.8837 8857.29 -2147483648 0 0 0 
Audio-Emitter_SR_FireMedium.troy 8077.54 178.082 9155.15 -2147483648 0 0 0 
Audio-Emitter_SR_FireMedium.troy 8531.96 107.569 9304.87 -2147483648 0 0 0 
Audio-Emitter_SR_Cauldron.troy 10545.8 79.1817 7992.63 -2147483648 0 0 0 
Audio-Emitter_SR_Cauldron.troy 6488.87 110.222 10905.2 -2147483648 0 0 0 
Audio-Emitter_SR_Cauldron.troy 10296.9 44.1094 6964 -2147483648 0 0 0 
Audio-Emitter_SR_FireMedium.troy 12496 335.361 9788.54 -2147483648 0 0 0 
Audio-Emitter_SR_FireMedium.troy 11712.2 365.482 9828.91 -2147483648 0 0 0 
Audio-Emitter_SR_FireMedium.troy 10862.8 287.919 10061 -2147483648 0 0 0 
Audio-Emitter_SR_FireMedium.troy 9866.24 268.369 10981.4 -2147483648 0 0 0 
Audio-Emitter_SR_FireMedium.troy 9697.97 331.555 11600.4 -2147483648 0 0 0 
Audio-Emitter_SR_FireMedium.troy 9502.92 141.806 12903.3 -2147483648 0 0 0 
Audio-Emitter_SR_FireMedium.troy 9577.99 346.884 12121.8 -2147483648 0 0 0 
Audio-Emitter_SR_FireMedium.troy 8805.5 232.251 12595 -2147483648 0 0 0 
Audio-Emitter_SR_FireMedium.troy 7895.17 183.63 12773.3 -2147483648 0 0 0 
Audio-Emitter_SR_FireMedium.troy 7059 197.597 12800.8 -2147483648 0 0 0 
Audio-Emitter_SR_FireMedium.troy 7640.58 206.924 13935 -2147483648 0 0 0 
Audio-Emitter_SR_FireMedium.troy 8117.18 219.409 14049.8 -2147483648 0 0 0 
Audio-Emitter_SR_FireMedium.troy 8955.52 225.912 13996.1 -2147483648 0 0 0 
Audio-Emitter_SR_FireMedium.troy 8541.06 235.918 13999.4 -2147483648 0 0 0 
Audio-Emitter_SR_FireMedium.troy 9635.63 372.466 14071.8 -2147483648 0 0 0 
Audio-Emitter_SR_FireMedium.troy 10095.5 317.04 14240.9 -2147483648 0 0 0 
Audio-Emitter_SR_FireMedium.troy 10538.7 286.583 14260.2 -2147483648 0 0 0 
Audio-Emitter_SR_FireMedium.troy 11186.3 289.102 14220.1 -2147483648 0 0 0 
Audio-Emitter_SR_FireMedium.troy 11870.1 259.515 14215.1 -2147483648 0 0 0 
Audio-Emitter_SR_FireMedium.troy 12495.3 292.834 14192.8 -2147483648 0 0 0 
Audio-Emitter_SR_FireMedium.troy 13900.7 224.632 14678.9 -2147483648 0 0 0 
Audio-Emitter_SR_FireMedium.troy 14376.4 242.663 14171.1 -2147483648 0 0 0 
Audio-Emitter_SR_FireMedium.troy 13948.9 225.761 12957.1 -2147483648 0 0 0 
Audio-Emitter_SR_FireMedium.troy 13918.9 189.479 12320.2 -2147483648 0 0 0 
Audio-Emitter_SR_FireMedium.troy 13988 275.938 11731.5 -2147483648 0 0 0 
Audio-Emitter_SR_FireMedium.troy 13883.7 276.241 11215.2 -2147483648 0 0 0 
Audio-Emitter_SR_FireMedium.troy 13860.2 232.255 10589.1 -2147483648 0 0 0 
Audio-Emitter_SR_FireMedium.troy 13953.1 374.134 9820.98 -2147483648 0 0 0 
Audio-Emitter_SR_FireSmall.troy 13813.9 173.788 8319.05 -2147483648 0 0 0 
Audio-Emitter_SR_FireSmall.troy 12665.1 39.5434 8378.55 -2147483648 0 0 0 
Audio-Emitter_SR_FireSmall.troy 12571.1 136.93 7231.28 -2147483648 0 0 0 
Audio-Emitter_SR_FireSmall.troy 8673.97 38.1922 10909.3 -2147483648 0 0 0 
Audio-Emitter_SR_FireSmall.troy 8862.98 97.7306 10502.4 -2147483648 0 0 0 
Audio-Emitter_SR_FireSmall.troy 9430.65 105.283 10278 -2147483648 0 0 0 
Audio-Emitter_SR_FireMedium.troy 9072.98 174.403 10031.1 -2147483648 0 0 0 
Audio-Emitter_SR_FireSmall.troy 10892.1 74.8787 7740.2 -2147483648 0 0 0 
Audio-Emitter_SR_WaterLappingSmall.troy 11077.4 -23.0925 3690.89 -2147483648 0 0 0 
Audio-Emitter_SR_WaterLappingSmall.troy 5755.02 -79.5711 8381.5 -2147483648 0 0 0 
Audio-Emitter_SR_WaterLappingSmall.troy 5024.59 -76.8 8844.12 -2147483648 0 0 0 
Audio-Emitter_SR_WaterLappingSmall.troy 4489.01 -76.8 10216.7 -2147483648 0 0 0 
Audio-Emitter_SR_WaterLappingSmall.troy 3561.16 -76.8 9674.41 -2147483648 0 0 0 
Audio-Emitter_SR_WaterLappingSmall.troy 2863.05 -76.799 10937.8 -2147483648 0 0 0 
Audio-Emitter_SR_Bugs.troy 8899.44 1574.33 4297.92 -2147483648 0 0 0 
Audio-Emitter_SR_Bugs.troy 8812.71 46.8571 5234.66 -2147483648 0 0 0 
Audio-Emitter_SR_Bugs.troy 9777.46 9.66406 5385.28 -2147483648 0 0 0 
Audio-Emitter_SR_Bugs.troy 10928.3 5.71279 3559.98 -2147483648 0 0 0 
Audio-Emitter_SR_Bugs.troy 4479.23 38.9199 8852.58 -2147483648 0 0 0 
Audio-Emitter_SR_FireSmall.troy 9248.35 148.137 529.221 -2147483648 0 0 0 
Audio-Emitter_SR_Bugs.troy 5126.59 21.3558 8933.83 -2147483648 0 0 0 
Audio-Emitter_SR_Bugs.troy 5456.99 82.3457 8256.79 -2147483648 0 0 0 
Audio-Emitter_SR_Bugs.troy 3190.12 -2.59179 10839.1 -2147483648 0 0 0 
Audio-Emitter_SR_Bugs.troy 9328.66 29.2959 4698.58 -2147483648 0 0 0 
Audio-Emitter_SR_Bugs.troy 3220.31 7.5409 9839.73 -2147483648 0 0 0 
Audio-Emitter_SR_Bugs.troy 4083.25 24.5675 9907.83 -2147483648 0 0 0 
Audio-Emitter_SR_Bugs.troy 4984.63 15.0995 9301.69 -2147483648 0 0 0 
Audio-Emitter_SR_FireSmall.troy 6730.11 44.6214 9170.78 -2147483648 0 0 0 
Audio-Emitter_SR_FireSmall.troy 2688.48 88.2424 8619.73 -2147483648 0 0 0 
audio-emitter_sr_firebig.troy 7310.75 71.8111 3823.2 -2147483648 0 0 0 
audio-emitter_sr_firesmall.troy 8769.93 55.3562 11339.7 -2147483648 0 0 0 
audio-emitter_sr_firebig.troy 8028.61 54.2764 2615.4 -2147483648 0 0 0 
audio-emitter_sr_firebig.troy 6591.1 57.0375 5283.55 -2147483648 0 0 0 
audio-emitter_sr_firebig.troy 6680.26 54.6348 10621.8 -2147483648 0 0 0 
